4294967278,5
4294967278,4
4294967279,132
4294967278,366
4294967278,384
4294967278,382
4294967279,417
4294967278,241
4294967278,10
4294967278,9
4294967278,8
4294967278,7
4294967278,6
4294967278,344
4294967279,443
4294967278,343
4294967279,296
4294967278,381
4294967279,442
4294967279,194
4294967278,380
4294967279,415
4294967278,15
4294967278,14
4294967278,13
4294967278,12
4294967278,11
4294967278,307
4294967279,414
4294967278,379
4294967279,309
4294967278,187
4294967279,307
4294967278,186
4294967279,306
4294967278,184
4294967278,18
4294967278,17
4294967278,16
4294967279,447
4294967279,434
4294967278,376
4294967279,413
4294967278,342
4294967279,412
4294967278,180
4294967278,22
4294967278,21
4294967278,20
4294967278,19
4294967279,433
4294967279,411
4294967278,277
4294967279,305
4294967278,177
4294967279,304
4294967278,176
4294967278,25
4294967278,24
4294967278,23
4294967278,295
4294967279,303
4294967278,301
4294967279,409
4294967278,172
4294967279,407
4294967278,340
4294967278,28
4294967278,27
4294967278,26
4294967279,408
4294967278,170
4294967279,406
4294967278,374
4294967279,170
4294967278,30
4294967278,29
4294967278,300
4294967279,404
4294967278,339
4294967279,168
4294967278,33
4294967278,32
4294967278,31
4294967278,338
4294967279,403
4294967278,43
4294967278,42
4294967278,41
4294967278,40
4294967278,39
4294967278,38
4294967278,37
4294967278,36
4294967278,35
4294967278,34
4294967278,165
4294967279,166
4294967278,164
4294967279,165
4294967278,163
4294967279,164
4294967294,30
4294967294,61
4294967278,162
4294967279,163
4294967278,161
4294967279,400
4294967278,160
4294967278,59
4294967278,58
4294967278,57
4294967278,56
4294967278,55
4294967278,54
4294967278,53
4294967278,52
4294967278,51
4294967278,50
4294967278,49
4294967278,48
4294967278,47
4294967278,334
4294967278,46
4294967278,45
4294967278,44
4294967279,83
4294967279,82
4294967279,80
4294967279,78
4294967279,76
4294967279,75
4294967279,74
4294967279,73
4294967279,72
4294967279,70
4294967279,68
4294967279,67
4294967279,66
4294967279,64
4294967279,62
4294967279,60
4294967279,58
4294967279,55
4294967279,54
4294967279,53
4294967279,52
4294967279,50
4294967279,48
4294967279,47
4294967279,45
4294967279,40
4294967279,39
4294967279,38
4294967279,37
4294967279,36
4294967279,34
4294967279,31
4294967279,260
4294967279,28
4294967279,26
4294967279,25
4294967279,24
4294967279,23
4294967279,17
4294967279,11
4294967279,10
4294967279,398
4294967279,396
4294967279,43
4294967279,155
4294967279,397
4294967278,288
4294967278,347
4294967279,154
4294967279,41
4294967279,153
4294967279,430
4294967279,152
4294967279,150
69,5
4294967279,149
69,4
69,3
69,2
69,1
4294967279,148
4294967279,32
4294967279,146
4294967279,145
4294967279,144
4294967279,30
4294967279,29
4294967279,141
4294967279,394
4294967279,140
4294967279,27
4294967279,139
4294967279,279
4294967279,136
67,5
4294967279,135
67,4
67,3
67,2
67,1
4294967279,133
4294967279,18
4294967279,290
4294967279,274
4294967279,273
4294967279,270
4294967279,282
4294967279,393
65,6
4294967279,14
4294967279,269
4294967279,288
4294967279,287
65,5
4294967279,266
65,4
4294967279,265
65,3
65,2
65,1
4294967279,390
4294967279,264
4294967279,284
4294967279,424
4294967279,261
64,5
4294967279,259
4294967279,258
64,4
4294967278,321
64,3
64,2
64,1
4294967278,372
4294967278,319
4294967278,318
4294967294,1423
4294967294,430
4294967294,477
4294967279,446
4294967279,410
4294967278,317
4294967278,369
4294967278,368
63,4
4294967278,315
63,3
63,2
63,1
4294967278,314
4294967278,254
4294967294,387
4294967294,388
4294967278,250
4294967294,115
4294967278,350
4294967278,251
62,5
4294967278,248
4294967278,246
62,4
62,3
62,2
62,1
4294967278,244
4294967278,243
4294967278,239
4294967278,238
4294967278,367
4294967278,313
4294967278,312
4294967278,235
4294967278,233
4294967294,390
4294967294,470
4294967294,176
4294967294,185
4294967278,228
4294967278,229
4294967278,231
4294967278,227
4294967278,223
4294967278,222
4294967278,225
4294967278,221
4294967294,392
4294967294,389
4294967294,120
4294967294,114
4294967278,219
4294967278,217
4294967278,215
4294967278,348
4294967278,212
4294967278,349
4294967278,311
4294967294,29
4294967294,1021
4294967294,107
4294967294,90
4294967294,87
4294967294,86
4294967294,84
4294967294,1019
4294967294,53
4294967294,45
4294967294,44
4294967294,40
4294967294,37
4294967294,42
4294967294,99
4294967294,36
4294967294,39
4294967294,9
4294967294,8
4294967278,310
4294967278,209
4294967278,207
4294967278,206
